data:1
k1:0.1,C:0.1,noise_level:0.1
ave:0.5849495677880664
std:0.009021398696177166
