ave:0.04072691376498588
std:0.004232097303643304
