data:1
ave:0.040804562999827
std:0.0041635453741316625
