data:1ave:0.04124731486700019
std:0.004030017040510812
